<?xml version="1.0" encoding="utf-8"?>
<COLLADA xmlns="http://www.collada.org/2005/11/COLLADASchema" version="1.4.1">
  <asset>
    <contributor>
      <author>Mixamo</author>
      <authoring_tool>COLLADA Mixamo exporter</authoring_tool>
      <comments/>
    </contributor>
    <created>2022-03-21T13:11:21Z</created>
    <modified>2022-03-21T13:11:21Z</modified>
    <revision/>
    <title/>
    <unit meter="0.010000"/>
    <up_axis>Y_UP</up_axis>
  </asset>
  <library_animations>
    <animation id="Hips-anim" name="Hips">
      <source id="Hips-Matrix-animation-input">
        <float_array id="Hips-Matrix-animation-input-array" count="244">

0.000000 0.033333 0.066667 0.100000 0.133333 0.166667 0.200000 0.233333 0.266667 0.300000 0.333333 0.366667 0.400000 0.433333 0.466667 0.500000
0.533333 0.566667 0.600000 0.633333 0.666667 0.700000 0.733333 0.766667 0.800000 0.833333 0.866667 0.900000 0.933333 0.966667 1.000000 1.033333
1.066667 1.100000 1.133333 1.166667 1.200000 1.233333 1.266667 1.300000 1.333333 1.366667 1.400000 1.433333 1.466667 1.500000 1.533333 1.566667
1.600000 1.633333 1.666667 1.700000 1.733333 1.766667 1.800000 1.833333 1.866667 1.900000 1.933333 1.966667 2.000000 2.033333 2.066667 2.100000
2.133333 2.166667 2.200000 2.233333 2.266667 2.300000 2.333333 2.366667 2.400000 2.433333 2.466667 2.500000 2.533333 2.566667 2.600000 2.633333
2.666667 2.700000 2.733333 2.766667 2.800000 2.833333 2.866667 2.900000 2.933333 2.966667 3.000000 3.033333 3.066667 3.100000 3.133333 3.166667
3.200000 3.233333 3.266667 3.300000 3.333333 3.366667 3.400000 3.433333 3.466667 3.500000 3.533333 3.566667 3.600000 3.633333 3.666667 3.700000
3.733333 3.766667 3.800000 3.833333 3.866667 3.900000 3.933333 3.966667 4.000000 4.033333 4.066667 4.100000 4.133333 4.166667 4.200000 4.233333
4.266667 4.300000 4.333333 4.366667 4.400000 4.433333 4.466667 4.500000 4.533333 4.566667 4.600000 4.633333 4.666667 4.700000 4.733333 4.766667
4.800000 4.833333 4.866667 4.900000 4.933333 4.966667 5.000000 5.033333 5.066667 5.100000 5.133333 5.166667 5.200000 5.233333 5.266667 5.300000
5.333333 5.366667 5.400000 5.433333 5.466667 5.500000 5.533333 5.566667 5.600000 5.633333 5.666667 5.700000 5.733333 5.766667 5.800000 5.833333
5.866667 5.900000 5.933333 5.966667 6.000000 6.033333 6.066667 6.100000 6.133333 6.166667 6.200000 6.233333 6.266667 6.300000 6.333333 6.366667
6.400000 6.433333 6.466667 6.500000 6.533333 6.566667 6.600000 6.633333 6.666667 6.700000 6.733333 6.766667 6.800000 6.833333 6.866667 6.900000
6.933333 6.966667 7.000000 7.033333 7.066667 7.100000 7.133333 7.166667 7.200000 7.233333 7.266667 7.300000 7.333333 7.366667 7.400000 7.433333
7.466667 7.500000 7.533333 7.566667 7.600000 7.633333 7.666667 7.700000 7.733333 7.766667 7.800000 7.833333 7.866667 7.900000 7.933333 7.966667
8.000000 8.033333 8.066667 8.100000</float_array>
        <technique_common>
          <accessor source="#Hips-Matrix-animation-input-array" count="244">
            <param name="TIME" type="float"/>
          </accessor>
        </technique_common>
      </source>
      <source id="Hips-Matrix-animation-output-transform">
        <float_array id="Hips-Matrix-animation-output-transform-array" count="3904">

0.991412 -0.043498 0.123328 -20.415258 0.111534 0.773632 -0.623741 86.151962 -0.068279 0.632140 0.771840 -1.549872 0.000000 0.000000 0.000000 1.000000
0.990700 -0.052183 0.125657 -19.191044 0.118854 0.781455 -0.612538 83.911674 -0.066231 0.621776 0.780390 -3.231022 0.000000 0.000000 0.000000 1.000000
0.990234 -0.060117 0.125785 -17.950495 0.124288 0.789399 -0.601167 81.622566 -0.063154 0.610930 0.789162 -4.875238 0.000000 0.000000 0.000000 1.000000
0.990571 -0.067319 0.119317 -16.782145 0.125212 0.798295 -0.589106 79.457550 -0.055593 0.598492 0.799198 -6.381786 0.000000 0.000000 0.000000 1.000000
0.993270 -0.073201 0.089754 -16.003637 0.111664 0.810954 -0.574356 78.019348 -0.030743 0.580513 0.813671 -7.405633 0.000000 0.000000 0.000000 1.000000
0.996089 -0.067002 0.057596 -15.656288 0.087766 0.825427 -0.557644 77.576790 -0.010178 0.560518 0.828080 -7.760708 0.000000 0.000000 0.000000 1.000000
0.997837 -0.050993 0.041482 -15.593463 0.065364 0.836640 -0.543840 77.828430 -0.006973 0.545375 0.838163 -7.630326 0.000000 0.000000 0.000000 1.000000
0.998813 -0.031827 0.036867 -15.821596 0.046640 0.843053 -0.535805 78.680275 -0.014028 0.536888 0.843537 -7.213538 0.000000 0.000000 0.000000 1.000000
0.999188 -0.011629 0.038585 -16.292706 0.030420 0.845631 -0.532901 79.901833 -0.026431 0.533642 0.845297 -6.754099 0.000000 0.000000 0.000000 1.000000
0.999031 0.010859 0.042641 -16.843367 0.013528 0.846332 -0.532484 81.209335 -0.041871 0.532545 0.845366 -6.360273 0.000000 0.000000 0.000000 1.000000
0.998363 0.035223 0.045060 -17.294237 -0.005910 0.847168 -0.531292 82.473038 -0.056887 0.530156 0.845990 -5.948044 0.000000 0.000000 0.000000 1.000000
0.997460 0.057255 0.042368 -17.600491 -0.026501 0.850461 -0.525370 83.717354 -0.066112 0.522913 0.849818 -5.357622 0.000000 0.000000 0.000000 1.000000
0.996827 0.072623 0.032580 -17.809105 -0.045789 0.858010 -0.511588 84.988846 -0.065107 0.508473 0.858613 -4.592096 0.000000 0.000000 0.000000 1.000000
0.996560 0.081618 0.014392 -17.887150 -0.064064 0.868806 -0.490990 86.377373 -0.052577 0.488379 0.871046 -3.861238 0.000000 0.000000 0.000000 1.000000
0.996027 0.088101 -0.013009 -17.848829 -0.083866 0.878766 -0.469827 87.859070 -0.029960 0.469051 0.882663 -3.335253 0.000000 0.000000 0.000000 1.000000
0.994442 0.093920 -0.047582 -17.832924 -0.105282 0.883692 -0.456074 89.243553 -0.000786 0.458548 0.888669 -2.971224 0.000000 0.000000 0.000000 1.000000
0.991935 0.096209 -0.082517 -18.010918 -0.123373 0.882127 -0.454568 90.295822 0.029057 0.461082 0.886882 -2.618103 0.000000 0.000000 0.000000 1.000000
0.989987 0.090313 -0.108488 -18.469643 -0.130833 0.875595 -0.464991 90.855499 0.052997 0.474528 0.878643 -2.227400 0.000000 0.000000 0.000000 1.000000
0.990022 0.074630 -0.119532 -19.264740 -0.123676 0.866727 -0.483207 90.795799 0.067540 0.493168 0.867308 -1.885804 0.000000 0.000000 0.000000 1.000000
0.991787 0.051279 -0.117171 -20.407522 -0.103860 0.857544 -0.503816 90.129135 0.074644 0.511848 0.855827 -1.711286 0.000000 0.000000 0.000000 1.000000
0.993795 0.023574 -0.108704 -21.822874 -0.077275 0.849257 -0.522293 89.010925 0.080005 0.527452 0.845809 -1.813983 0.000000 0.000000 0.000000 1.000000
0.994842 -0.004701 -0.101327 -23.368248 -0.050606 0.842727 -0.535957 87.537323 0.087910 0.538321 0.838142 -2.314961 0.000000 0.000000 0.000000 1.000000
0.994898 -0.028037 -0.096908 -24.885885 -0.029350 0.838610 -0.543942 85.696671 0.096518 0.544011 0.833508 -3.316892 0.000000 0.000000 0.000000 1.000000
0.994956 -0.041244 -0.091446 -26.142969 -0.015546 0.837168 -0.546724 83.565125 0.099105 0.545388 0.832304 -4.794178 0.000000 0.000000 0.000000 1.000000
0.995729 -0.043661 -0.081351 -27.015072 -0.007752 0.838468 -0.544895 81.252686 0.092001 0.543199 0.834548 -6.549677 0.000000 0.000000 0.000000 1.000000
0.996706 -0.038606 -0.071327 -27.563204 -0.005778 0.843407 -0.537244 78.994797 0.080899 0.535886 0.840405 -8.335724 0.000000 0.000000 0.000000 1.000000
0.996825 -0.028884 -0.074200 -28.099302 -0.014042 0.853506 -0.520894 77.064072 0.078376 0.520282 0.850390 -9.906754 0.000000 0.000000 0.000000 1.000000
0.994768 -0.017743 -0.100612 -28.791973 -0.034654 0.867818 -0.495673 75.729431 0.096108 0.496566 0.862662 -11.031747 0.000000 0.000000 0.000000 1.000000
0.989376 -0.011870 -0.144897 -29.270584 -0.058072 0.881429 -0.468732 75.170563 0.133280 0.472167 0.871375 -11.652078 0.000000 0.000000 0.000000 1.000000
0.982678 -0.017388 -0.184502 -29.217802 -0.069093 0.889429 -0.451821 75.364197 0.171958 0.456742 0.872821 -11.911117 0.000000 0.000000 0.000000 1.000000
0.978472 -0.035853 -0.203244 -28.873739 -0.061158 0.890191 -0.451464 76.116043 0.197112 0.454175 0.868834 -11.961282 0.000000 0.000000 0.000000 1.000000
0.976267 -0.064546 -0.206726 -28.594200 -0.039732 0.884969 -0.463951 77.229462 0.212893 0.461154 0.861402 -11.785944 0.000000 0.000000 0.000000 1.000000
0.973341 -0.096245 -0.208195 -28.414320 -0.016236 0.876514 -0.481103 78.579453 0.228789 0.471657 0.851584 -11.287912 0.000000 0.000000 0.000000 1.000000
0.969759 -0.121407 -0.211726 -28.162008 0.000247 0.867986 -0.496588 80.088943 0.244065 0.481519 0.841767 -10.448871 0.000000 0.000000 0.000000 1.000000
0.967536 -0.136653 -0.212602 -27.777769 0.010620 0.862455 -0.506023 81.731430 0.252509 0.487337 0.835908 -9.406799 0.000000 0.000000 0.000000 1.000000
0.967823 -0.147754 -0.203685 -27.360826 0.024515 0.860969 -0.508066 83.566223 0.250436 0.486725 0.836888 -8.432993 0.000000 0.000000 0.000000 1.000000
0.970802 -0.161730 -0.177162 -26.900084 0.050162 0.859081 -0.509376 85.530663 0.234578 0.485616 0.842110 -7.753841 0.000000 0.000000 0.000000 1.000000
0.975740 -0.177186 -0.128593 -26.241621 0.085365 0.848788 -0.521796 87.234924 0.201603 0.498160 0.843322 -7.361910 0.000000 0.000000 0.000000 1.000000
0.980807 -0.183544 -0.065794 -25.408426 0.118100 0.827734 -0.548552 88.287880 0.155144 0.530253 0.833524 -7.145024 0.000000 0.000000 0.000000 1.000000
0.984954 -0.172701 -0.006261 -24.516415 0.137261 0.803814 -0.578828 88.685074 0.104997 0.569260 0.815426 -7.097386 0.000000 0.000000 0.000000 1.000000
0.988128 -0.148117 0.040809 -23.600433 0.142766 0.787091 -0.600088 88.457535 0.056763 0.598789 0.798892 -7.256890 0.000000 0.000000 0.000000 1.000000
0.989608 -0.117961 0.082230 -22.477831 0.143582 0.779668 -0.609510 87.613213 0.007786 0.614982 0.788502 -7.645764 0.000000 0.000000 0.000000 1.000000
0.988034 -0.087926 0.126720 -21.063492 0.147612 0.777264 -0.611614 86.206039 -0.044718 0.623000 0.780942 -8.288044 0.000000 0.000000 0.000000 1.000000
0.983377 -0.063845 0.169983 -19.612467 0.155814 0.777381 -0.609426 84.335037 -0.093233 0.625781 0.774407 -9.292188 0.000000 0.000000 0.000000 1.000000
0.978585 -0.053820 0.198681 -18.490606 0.164943 0.782465 -0.600452 82.141563 -0.123144 0.620364 0.774586 -10.829197 0.000000 0.000000 0.000000 1.000000
0.976977 -0.062638 0.203943 -17.755795 0.172258 0.795579 -0.580845 79.705582 -0.125870 0.602603 0.788052 -12.887053 0.000000 0.000000 0.000000 1.000000
0.978296 -0.087545 0.187810 -17.250805 0.178845 0.814479 -0.551941 77.256462 -0.104647 0.573551 0.812458 -15.131339 0.000000 0.000000 0.000000 1.000000
0.980518 -0.116135 0.158419 -16.660934 0.183062 0.832682 -0.522618 75.195900 -0.071219 0.541437 0.837719 -17.051033 0.000000 0.000000 0.000000 1.000000
0.982626 -0.135086 0.127270 -15.977686 0.181282 0.845576 -0.502134 73.968674 -0.039785 0.516481 0.855374 -18.307327 0.000000 0.000000 0.000000 1.000000
0.984847 -0.140251 0.102006 -15.472267 0.172470 0.853666 -0.491435 73.776154 -0.018155 0.501582 0.864920 -18.903204 0.000000 0.000000 0.000000 1.000000
0.987228 -0.135482 0.083816 -15.272845 0.159180 0.860324 -0.484257 74.517624 -0.006501 0.491414 0.870902 -19.070702 0.000000 0.000000 0.000000 1.000000
0.989521 -0.124787 0.072641 -15.287314 0.144340 0.868052 -0.475027 75.885666 -0.003779 0.480534 0.876968 -18.973682 0.000000 0.000000 0.000000 1.000000
0.991744 -0.108089 0.068998 -15.467267 0.127792 0.877715 -0.461829 77.472641 -0.010642 0.466833 0.884281 -18.563328 0.000000 0.000000 0.000000 1.000000
0.994029 -0.083253 0.070528 -15.808724 0.106011 0.889894 -0.443679 79.008560 -0.025825 0.448506 0.893406 -17.817223 0.000000 0.000000 0.000000 1.000000
0.996053 -0.051213 0.072493 -16.205034 0.077103 0.903837 -0.420873 80.441360 -0.043968 0.424801 0.904218 -16.855097 0.000000 0.000000 0.000000 1.000000
0.997278 -0.017805 0.071551 -16.491371 0.044948 0.916051 -0.398535 81.781166 -0.058449 0.400666 0.914358 -15.773421 0.000000 0.000000 0.000000 1.000000
0.997782 0.009456 0.065884 -16.623266 0.016606 0.923187 -0.383993 83.034828 -0.064454 0.384236 0.920982 -14.585107 0.000000 0.000000 0.000000 1.000000
0.998348 0.027345 0.050527 -16.760206 -0.006154 0.925306 -0.379171 84.232574 -0.057121 0.378233 0.923946 -13.319144 0.000000 0.000000 0.000000 1.000000
0.999111 0.038387 0.017426 -17.087036 -0.028868 0.924222 -0.380763 85.431015 -0.030722 0.379921 0.924509 -12.082676 0.000000 0.000000 0.000000 1.000000
0.998342 0.044989 -0.035895 -17.556087 -0.055425 0.919575 -0.388987 86.636017 0.015508 0.390332 0.920544 -10.999997 0.000000 0.000000 0.000000 1.000000
0.994006 0.044754 -0.099750 -18.098753 -0.082038 0.908418 -0.409936 87.653198 0.072269 0.415662 0.906644 -10.131292 0.000000 0.000000 0.000000 1.000000
0.987000 0.033564 -0.157177 -18.863565 -0.101309 0.889126 -0.446309 88.209572 0.124770 0.456430 0.880968 -9.459675 0.000000 0.000000 0.000000 1.000000
0.980292 0.013336 -0.197102 -20.063784 -0.110316 0.864626 -0.490156 88.175400 0.163882 0.502239 0.849057 -8.906282 0.000000 0.000000 0.000000 1.000000
0.975318 -0.008539 -0.220639 -21.699800 -0.112230 0.841379 -0.528664 87.633347 0.190155 0.540378 0.819654 -8.479030 0.000000 0.000000 0.000000 1.000000
0.971759 -0.026569 -0.234475 -23.519007 -0.111409 0.824271 -0.555126 86.733383 0.208021 0.565571 0.798033 -8.404924 0.000000 0.000000 0.000000 1.000000
0.969633 -0.039205 -0.241402 -25.257425 -0.109400 0.813274 -0.571504 85.373207 0.218731 0.580559 0.784288 -8.954877 0.000000 0.000000 0.000000 1.000000
0.969812 -0.045314 -0.239608 -26.624193 -0.105974 0.806631 -0.581478 83.538467 0.219624 0.589316 0.777478 -10.160048 0.000000 0.000000 0.000000 1.000000
0.972468 -0.042701 -0.229090 -27.550394 -0.102120 0.805564 -0.583642 81.361122 0.209468 0.590968 0.779025 -11.736122 0.000000 0.000000 0.000000 1.000000
0.976510 -0.031733 -0.213120 -28.091379 -0.098750 0.813196 -0.573551 79.181290 0.191509 0.581124 0.790961 -13.408569 0.000000 0.000000 0.000000 1.000000
0.980986 -0.016828 -0.193346 -28.274467 -0.094513 0.828697 -0.551659 77.290199 0.169509 0.559444 0.811350 -14.991220 0.000000 0.000000 0.000000 1.000000
0.985722 -0.003268 -0.168352 -28.084082 -0.087083 0.845826 -0.526303 75.892021 0.144116 0.533448 0.833465 -16.199459 0.000000 0.000000 0.000000 1.000000
0.989898 0.006878 -0.141612 -27.644468 -0.078384 0.858840 -0.506210 75.205978 0.118140 0.512197 0.850704 -16.684053 0.000000 0.000000 0.000000 1.000000
0.992058 0.013632 -0.125037 -27.288301 -0.073940 0.867403 -0.492082 75.484581 0.101750 0.497420 0.861522 -16.331314 0.000000 0.000000 0.000000 1.000000
0.991504 0.015348 -0.129169 -27.117334 -0.076063 0.873960 -0.480009 76.675346 0.105521 0.485756 0.867702 -15.375711 0.000000 0.000000 0.000000 1.000000
0.988752 0.006996 -0.149402 -26.944311 -0.077461 0.878455 -0.471505 78.323364 0.127944 0.477775 0.869115 -14.205107 0.000000 0.000000 0.000000 1.000000
0.985373 -0.014135 -0.169825 -26.651966 -0.069007 0.878093 -0.473487 79.920639 0.155815 0.478281 0.864274 -13.062008 0.000000 0.000000 0.000000 1.000000
0.982837 -0.042299 -0.179563 -26.351618 -0.051505 0.871736 -0.487262 81.281136 0.177142 0.488147 0.854595 -11.980963 0.000000 0.000000 0.000000 1.000000
0.981328 -0.066739 -0.180394 -26.134270 -0.033689 0.863737 -0.502816 82.441017 0.189370 0.499504 0.845361 -10.874941 0.000000 0.000000 0.000000 1.000000
0.980368 -0.083898 -0.178439 -25.994987 -0.018600 0.861578 -0.507285 83.556908 0.196300 0.500644 0.843102 -9.656688 0.000000 0.000000 0.000000 1.000000
0.979588 -0.100664 -0.173996 -25.917990 0.000763 0.867435 -0.497550 84.846176 0.201015 0.487261 0.849805 -8.360070 0.000000 0.000000 0.000000 1.000000
0.979285 -0.123105 -0.160769 -25.890423 0.030707 0.875070 -0.483022 86.389435 0.200147 0.468079 0.860723 -7.110369 0.000000 0.000000 0.000000 1.000000
0.980268 -0.147122 -0.132024 -25.893814 0.067402 0.876631 -0.476419 87.972229 0.185828 0.458120 0.869249 -6.012594 0.000000 0.000000 0.000000 1.000000
0.982913 -0.161560 -0.088207 -25.859554 0.099238 0.868704 -0.485289 89.216270 0.155029 0.468243 0.869893 -5.132944 0.000000 0.000000 0.000000 1.000000
0.986199 -0.161282 -0.037407 -25.634373 0.119811 0.851151 -0.511065 90.023155 0.114265 0.499530 0.858728 -4.472703 0.000000 0.000000 0.000000 1.000000
0.988880 -0.148450 0.008850 -25.146755 0.128821 0.825347 -0.549734 90.382675 0.074304 0.544762 0.835293 -3.912743 0.000000 0.000000 0.000000 1.000000
0.990926 -0.127141 0.043596 -24.363949 0.128055 0.794516 -0.593588 90.246056 0.040832 0.593784 0.803588 -3.347064 0.000000 0.000000 0.000000 1.000000
0.992465 -0.101230 0.069034 -23.401918 0.122005 0.764419 -0.633071 89.725983 0.011315 0.636723 0.771009 -2.914446 0.000000 0.000000 0.000000 1.000000
0.993072 -0.074488 0.090882 -22.246288 0.116068 0.742473 -0.659744 88.844543 -0.018334 0.665721 0.745975 -2.849663 0.000000 0.000000 0.000000 1.000000
0.992912 -0.051621 0.107054 -20.922804 0.110444 0.733485 -0.670672 87.596550 -0.043902 0.677742 0.733988 -3.398995 0.000000 0.000000 0.000000 1.000000
0.992562 -0.042987 0.113901 -19.623728 0.108469 0.737074 -0.667051 86.023392 -0.055279 0.674444 0.736254 -4.597966 0.000000 0.000000 0.000000 1.000000
0.992894 -0.052899 0.106597 -18.608505 0.109975 0.750088 -0.652130 84.044647 -0.045460 0.659219 0.750575 -6.132097 0.000000 0.000000 0.000000 1.000000
0.993633 -0.073347 0.085516 -17.778257 0.111010 0.766908 -0.632083 81.966698 -0.019221 0.637552 0.770167 -7.582733 0.000000 0.000000 0.000000 1.000000
0.994060 -0.090775 0.060042 -17.004595 0.108479 0.781736 -0.614102 80.261131 0.008808 0.616967 0.786940 -8.670336 0.000000 0.000000 0.000000 1.000000
0.994377 -0.097278 0.041841 -16.359707 0.102817 0.792346 -0.601345 79.221443 0.025345 0.602266 0.797893 -9.233444 0.000000 0.000000 0.000000 1.000000
0.994994 -0.093422 0.035499 -16.068935 0.096261 0.800399 -0.591688 78.963852 0.026864 0.592143 0.805385 -9.189281 0.000000 0.000000 0.000000 1.000000
0.995951 -0.081953 0.036949 -16.114817 0.088125 0.808841 -0.581386 79.548264 0.017761 0.582288 0.812788 -8.642107 0.000000 0.000000 0.000000 1.000000
0.997046 -0.064624 0.041498 -16.310143 0.076749 0.818477 -0.569390 80.843590 0.002831 0.570893 0.821019 -7.851459 0.000000 0.000000 0.000000 1.000000
0.997795 -0.044139 0.049566 -16.640438 0.064329 0.826937 -0.558602 82.372841 -0.016332 0.560559 0.827954 -7.042725 0.000000 0.000000 0.000000 1.000000
0.997771 -0.023643 0.062407 -17.036633 0.054248 0.831998 -0.552121 83.710983 -0.038869 0.554275 0.831425 -6.327495 0.000000 0.000000 0.000000 1.000000
0.997056 -0.005156 0.076500 -17.307531 0.046325 0.835548 -0.547461 84.728043 -0.061096 0.549393 0.833327 -5.743428 0.000000 0.000000 0.000000 1.000000
0.996487 0.011120 0.083006 -17.357912 0.035287 0.843117 -0.536571 85.492142 -0.075951 0.537615 0.839763 -5.300578 0.000000 0.000000 0.000000 1.000000
0.996995 0.025926 0.073004 -17.233568 0.015294 0.857926 -0.513546 86.190285 -0.075946 0.513119 0.854951 -4.990199 0.000000 0.000000 0.000000 1.000000
0.998246 0.040749 0.042958 -17.035824 -0.015010 0.875969 -0.482134 87.023453 -0.057276 0.480644 0.875044 -4.765439 0.000000 0.000000 0.000000 1.000000
0.998463 0.055387 -0.002099 -16.916855 -0.050293 0.889406 -0.454343 88.013649 -0.023298 0.453750 0.890824 -4.543046 0.000000 0.000000 0.000000 1.000000
0.996570 0.065519 -0.050544 -17.007317 -0.081125 0.893979 -0.440704 88.959099 0.016311 0.443293 0.896229 -4.231562 0.000000 0.000000 0.000000 1.000000
0.993786 0.064794 -0.090505 -17.391975 -0.098530 0.890354 -0.444480 89.614410 0.051781 0.450635 0.891205 -3.817719 0.000000 0.000000 0.000000 1.000000
0.992009 0.049918 -0.115869 -18.121511 -0.098545 0.880046 -0.464552 89.821587 0.078780 0.472258 0.877933 -3.388615 0.000000 0.000000 0.000000 1.000000
0.991463 0.023776 -0.128199 -19.226746 -0.084753 0.864697 -0.495092 89.520027 0.099083 0.501731 0.859330 -3.042747 0.000000 0.000000 0.000000 1.000000
0.990946 -0.006566 -0.134097 -20.659851 -0.065418 0.848599 -0.524976 88.785080 0.117242 0.528996 0.840487 -2.866659 0.000000 0.000000 0.000000 1.000000
0.989624 -0.034471 -0.139488 -22.234417 -0.047829 0.836400 -0.546029 87.772499 0.135490 0.547035 0.826072 -2.999121 0.000000 0.000000 0.000000 1.000000
0.987921 -0.054288 -0.145137 -23.762262 -0.036564 0.828506 -0.558785 86.456161 0.150582 0.557343 0.816514 -3.613564 0.000000 0.000000 0.000000 1.000000
0.987439 -0.060840 -0.145819 -25.082584 -0.033076 0.822849 -0.567297 84.765633 0.154501 0.564994 0.810500 -4.785186 0.000000 0.000000 0.000000 1.000000
0.989381 -0.051392 -0.135958 -26.055613 -0.035968 0.819743 -0.571602 82.739815 0.140826 0.570422 0.809189 -6.413124 0.000000 0.000000 0.000000 1.000000
0.992683 -0.031287 -0.116626 -26.625090 -0.040776 0.822253 -0.567660 80.586220 0.113656 0.568262 0.814961 -8.312190 0.000000 0.000000 0.000000 1.000000
0.995114 -0.011753 -0.098029 -26.847872 -0.044560 0.832547 -0.552159 78.596741 0.088103 0.553829 0.827956 -10.238449 0.000000 0.000000 0.000000 1.000000
0.995652 0.001551 -0.093142 -26.996674 -0.050428 0.849662 -0.524911 77.061813 0.078326 0.527326 0.846045 -11.819230 0.000000 0.000000 0.000000 1.000000
0.994166 0.011437 -0.107255 -27.381346 -0.062790 0.869876 -0.489257 76.296326 0.087702 0.493138 0.865519 -12.750720 0.000000 0.000000 0.000000 1.000000
0.991204 0.018741 -0.131011 -27.950020 -0.076753 0.887843 -0.453701 76.434975 0.107814 0.459766 0.881471 -13.027367 0.000000 0.000000 0.000000 1.000000
0.989233 0.017750 -0.145270 -28.255322 -0.079259 0.899426 -0.429827 77.230423 0.123030 0.436713 0.891148 -12.890421 0.000000 0.000000 0.000000 1.000000
0.990086 0.002849 -0.140433 -28.112072 -0.062700 0.903622 -0.423716 78.235924 0.125691 0.428321 0.894843 -12.628000 0.000000 0.000000 0.000000 1.000000
0.991477 -0.023021 -0.128235 -27.893208 -0.035008 0.900991 -0.432422 79.204254 0.125494 0.433226 0.892506 -12.311143 0.000000 0.000000 0.000000 1.000000
0.990538 -0.049571 -0.127972 -27.921850 -0.013135 0.893959 -0.447956 80.121635 0.136607 0.445399 0.884849 -11.792321 0.000000 0.000000 0.000000 1.000000
0.987004 -0.070923 -0.144200 -28.068871 -0.003365 0.888018 -0.459797 81.104294 0.160663 0.454306 0.876238 -10.956927 0.000000 0.000000 0.000000 1.000000
0.982249 -0.091144 -0.163950 -28.004087 0.005816 0.888396 -0.459040 82.285378 0.187491 0.449938 0.873157 -9.928730 0.000000 0.000000 0.000000 1.000000
0.978169 -0.114921 -0.173145 -27.588112 0.026254 0.894841 -0.445613 83.735359 0.206148 0.431339 0.878322 -8.903801 0.000000 0.000000 0.000000 1.000000
0.975912 -0.139816 -0.167472 -27.070210 0.055210 0.900933 -0.430432 85.345139 0.211062 0.410818 0.886951 -7.934654 0.000000 0.000000 0.000000 1.000000
0.975937 -0.158911 -0.149315 -26.798752 0.081531 0.901024 -0.426038 86.881866 0.202238 0.403612 0.892299 -7.057655 0.000000 0.000000 0.000000 1.000000
0.978090 -0.168488 -0.122278 -26.689594 0.099588 0.894467 -0.435903 88.233704 0.182819 0.414175 0.891648 -6.357908 0.000000 0.000000 0.000000 1.000000
0.981146 -0.170444 -0.091106 -26.425381 0.110940 0.882701 -0.456652 89.270462 0.158253 0.437935 0.884968 -5.830160 0.000000 0.000000 0.000000 1.000000
0.983812 -0.168106 -0.062088 -25.790405 0.117385 0.866301 -0.485534 89.872017 0.135408 0.470386 0.872010 -5.410625 0.000000 0.000000 0.000000 1.000000
0.985856 -0.162903 -0.039388 -24.798384 0.118927 0.845563 -0.520460 89.960884 0.118090 0.508414 0.852977 -5.066120 0.000000 0.000000 0.000000 1.000000
0.987728 -0.154637 -0.021931 -23.576693 0.116412 0.822523 -0.556691 89.542122 0.104124 0.547306 0.830430 -4.852494 0.000000 0.000000 0.000000 1.000000
0.989780 -0.142454 -0.006484 -22.234846 0.111406 0.800841 -0.588424 88.681252 0.089016 0.581688 0.808527 -4.886547 0.000000 0.000000 0.000000 1.000000
0.991858 -0.127171 0.006766 -20.862551 0.104633 0.783485 -0.612538 87.481491 0.072596 0.608259 0.790412 -5.276155 0.000000 0.000000 0.000000 1.000000
0.993506 -0.113087 0.012535 -19.508917 0.095777 0.771745 -0.628678 85.991714 0.061422 0.625796 0.777565 -6.034160 0.000000 0.000000 0.000000 1.000000
0.994354 -0.105970 0.005558 -18.204302 0.085211 0.766161 -0.636974 84.218048 0.063241 0.633851 0.770865 -7.060926 0.000000 0.000000 0.000000 1.000000
0.994126 -0.107481 -0.012670 -17.134851 0.074745 0.766531 -0.637842 82.258987 0.078268 0.633149 0.770063 -8.201656 0.000000 0.000000 0.000000 1.000000
0.993160 -0.111132 -0.035808 -16.347784 0.063412 0.770914 -0.633775 80.406052 0.098037 0.627170 0.772688 -9.243275 0.000000 0.000000 0.000000 1.000000
0.992331 -0.109227 -0.057867 -15.895928 0.048793 0.776269 -0.628511 79.063713 0.113570 0.620867 0.775645 -9.901388 0.000000 0.000000 0.000000 1.000000
0.991979 -0.100008 -0.077301 -15.761415 0.030073 0.780728 -0.624146 78.645599 0.122770 0.616816 0.777474 -10.049429 0.000000 0.000000 0.000000 1.000000
0.991795 -0.086746 -0.093904 -15.872912 0.009813 0.784041 -0.620631 79.224548 0.127462 0.614617 0.778459 -9.807676 0.000000 0.000000 0.000000 1.000000
0.991969 -0.071590 -0.104268 -16.198961 -0.008166 0.786420 -0.617638 80.377213 0.126215 0.613529 0.779520 -9.298141 0.000000 0.000000 0.000000 1.000000
0.993207 -0.052496 -0.103849 -16.653751 -0.022646 0.788191 -0.615014 81.646378 0.114139 0.613188 0.781648 -8.585255 0.000000 0.000000 0.000000 1.000000
0.995556 -0.028465 -0.089762 -17.122480 -0.032701 0.789395 -0.613014 82.851891 0.088307 0.613225 0.784956 -7.785942 0.000000 0.000000 0.000000 1.000000
0.998030 -0.004213 -0.062593 -17.502934 -0.035148 0.788894 -0.613523 83.969116 0.051965 0.614515 0.787192 -7.020833 0.000000 0.000000 0.000000 1.000000
0.999491 0.012744 -0.029237 -17.715673 -0.028088 0.785956 -0.617644 84.978951 0.015108 0.618151 0.785914 -6.316587 0.000000 0.000000 0.000000 1.000000
0.999802 0.019655 -0.002949 -17.711355 -0.017240 0.783862 -0.620696 85.979500 -0.009888 0.620624 0.784046 -5.689271 0.000000 0.000000 0.000000 1.000000
0.999751 0.021691 0.005241 -17.607555 -0.013895 0.788868 -0.614406 87.087402 -0.017462 0.614180 0.788973 -5.153425 0.000000 0.000000 0.000000 1.000000
0.999639 0.026102 -0.006392 -17.559153 -0.024765 0.802434 -0.596227 88.299255 -0.010434 0.596170 0.802791 -4.660529 0.000000 0.000000 0.000000 1.000000
0.998984 0.032428 -0.031306 -17.646029 -0.044526 0.817887 -0.573654 89.442810 0.007003 0.574465 0.818499 -4.146654 0.000000 0.000000 0.000000 1.000000
0.997807 0.033711 -0.056968 -17.926754 -0.059821 0.827687 -0.557993 90.285172 0.028341 0.560177 0.827888 -3.642517 0.000000 0.000000 0.000000 1.000000
0.997139 0.026371 -0.070839 -18.478258 -0.061388 0.829332 -0.555374 90.714088 0.044103 0.558134 0.828578 -3.260347 0.000000 0.000000 0.000000 1.000000
0.997635 0.011780 -0.067710 -19.393883 -0.048058 0.823871 -0.564736 90.675087 0.049132 0.566655 0.822489 -3.064335 0.000000 0.000000 0.000000 1.000000
0.998727 -0.007512 -0.049887 -20.689905 -0.022922 0.813312 -0.581376 90.149933 0.044941 0.581779 0.812104 -3.037449 0.000000 0.000000 0.000000 1.000000
0.999327 -0.028326 -0.023287 -22.261293 0.008698 0.800051 -0.599869 89.194717 0.035623 0.599263 0.799759 -3.197932 0.000000 0.000000 0.000000 1.000000
0.998960 -0.045368 0.004635 -23.936214 0.038610 0.787273 -0.615395 87.905296 0.024271 0.614934 0.788205 -3.675013 0.000000 0.000000 0.000000 1.000000
0.998244 -0.052923 0.026613 -25.626539 0.057940 0.778802 -0.624588 86.298370 0.012329 0.625033 0.780501 -4.615734 0.000000 0.000000 0.000000 1.000000
0.998065 -0.048827 0.038512 -27.145990 0.062184 0.777823 -0.625400 84.374565 0.000581 0.626584 0.779354 -6.029430 0.000000 0.000000 0.000000 1.000000
0.998564 -0.034117 0.041296 -28.320250 0.052340 0.785466 -0.616688 82.259941 -0.011397 0.617964 0.786124 -7.741289 0.000000 0.000000 0.000000 1.000000
0.999206 -0.011413 0.038164 -29.137775 0.032026 0.799892 -0.599289 80.232178 -0.023688 0.600035 0.799623 -9.474893 0.000000 0.000000 0.000000 1.000000
0.999480 0.011534 0.030112 -29.759865 0.007963 0.816638 -0.577095 78.587784 -0.031246 0.577035 0.816122 -10.975739 0.000000 0.000000 0.000000 1.000000
0.999560 0.025328 0.015410 -30.208279 -0.012515 0.831676 -0.555120 77.393402 -0.026876 0.554683 0.831628 -12.063101 0.000000 0.000000 0.000000 1.000000
0.999695 0.024612 -0.002273 -30.407131 -0.021992 0.843776 -0.536244 76.796326 -0.011280 0.536130 0.844060 -12.718512 0.000000 0.000000 0.000000 1.000000
0.999829 0.010520 -0.015190 -30.308857 -0.016905 0.852669 -0.522178 76.926857 0.007459 0.522346 0.852701 -13.026510 0.000000 0.000000 0.000000 1.000000
0.999730 -0.010960 -0.020506 -30.064341 -0.001212 0.856177 -0.516681 77.674278 0.023220 0.516566 0.855932 -13.063859 0.000000 0.000000 0.000000 1.000000
0.999226 -0.030920 -0.024324 -29.872044 0.013634 0.852141 -0.523134 78.727867 0.036903 0.522398 0.851903 -12.819277 0.000000 0.000000 0.000000 1.000000
0.998458 -0.044147 -0.033648 -29.761747 0.019177 0.843212 -0.537240 79.827034 0.052090 0.535766 0.842758 -12.223968 0.000000 0.000000 0.000000 1.000000
0.997382 -0.054308 -0.047745 -29.597097 0.019454 0.837442 -0.546179 80.980171 0.069646 0.543821 0.836306 -11.261001 0.000000 0.000000 0.000000 1.000000
0.995849 -0.068040 -0.060464 -29.231392 0.025108 0.843829 -0.536025 82.374023 0.087492 0.532282 0.842034 -10.020076 0.000000 0.000000 0.000000 1.000000
0.994125 -0.085097 -0.066891 -28.740784 0.040346 0.864780 -0.500528 83.922302 0.100440 0.494889 0.863132 -8.565934 0.000000 0.000000 0.000000 1.000000
0.993245 -0.096582 -0.064318 -28.359821 0.057797 0.892400 -0.447529 85.343002 0.100621 0.440789 0.891953 -6.904126 0.000000 0.000000 0.000000 1.000000
0.994121 -0.095087 -0.051781 -28.135986 0.067334 0.917470 -0.392064 86.574638 0.084788 0.386272 0.918480 -5.134420 0.000000 0.000000 0.000000 1.000000
0.995903 -0.084554 -0.032051 -27.891897 0.068569 0.937234 -0.341893 87.695824 0.058947 0.338295 0.939192 -3.379500 0.000000 0.000000 0.000000 1.000000
0.997033 -0.076192 -0.010989 -27.520292 0.069484 0.952173 -0.297553 88.746086 0.033134 0.295907 0.954642 -1.707534 0.000000 0.000000 0.000000 1.000000
0.997049 -0.076452 0.006885 -27.056889 0.075589 0.962239 -0.261500 89.783394 0.013367 0.261249 0.965179 -0.148174 0.000000 0.000000 0.000000 1.000000
0.996415 -0.081960 0.020947 -26.553608 0.084591 0.967562 -0.238050 90.801025 -0.000757 0.238969 0.971027 1.304298 0.000000 0.000000 0.000000 1.000000
0.995622 -0.087351 0.033255 -26.028185 0.092632 0.969609 -0.226444 91.678818 -0.012465 0.228534 0.973456 2.660165 0.000000 0.000000 0.000000 1.000000
0.994920 -0.090228 0.044634 -25.495024 0.097892 0.970551 -0.220109 92.325798 -0.023460 0.223360 0.974454 3.916794 0.000000 0.000000 0.000000 1.000000
0.994382 -0.091229 0.053673 -25.012167 0.100646 0.971936 -0.212628 92.712700 -0.032769 0.216835 0.975658 5.035109 0.000000 0.000000 0.000000 1.000000
0.994022 -0.091855 0.059013 -24.568356 0.102008 0.974034 -0.202118 92.905365 -0.038915 0.206929 0.977582 5.977503 0.000000 0.000000 0.000000 1.000000
0.993815 -0.092560 0.061347 -24.171568 0.102678 0.976347 -0.190272 93.000549 -0.042285 0.195394 0.979813 6.729061 0.000000 0.000000 0.000000 1.000000
0.993659 -0.093121 0.063007 -23.819283 0.103062 0.978370 -0.179363 93.023941 -0.044942 0.184719 0.981763 7.297508 0.000000 0.000000 0.000000 1.000000
0.993448 -0.093521 0.065686 -23.521593 0.103518 0.979909 -0.170475 92.962479 -0.048423 0.176158 0.983170 7.696096 0.000000 0.000000 0.000000 1.000000
0.993172 -0.094116 0.068925 -23.297804 0.104293 0.981070 -0.163169 92.837807 -0.052263 0.169243 0.984188 7.926140 0.000000 0.000000 0.000000 1.000000
0.992933 -0.095247 0.070790 -23.142693 0.105332 0.982124 -0.156005 92.718842 -0.054665 0.162359 0.985216 7.986057 0.000000 0.000000 0.000000 1.000000
0.992826 -0.097061 0.069823 -23.028341 0.106534 0.983227 -0.148041 92.655251 -0.054283 0.154417 0.986513 7.893319 0.000000 0.000000 0.000000 1.000000
0.992809 -0.099515 0.066536 -22.934107 0.108076 0.984133 -0.140718 92.632515 -0.051477 0.146897 0.987811 7.664930 0.000000 0.000000 0.000000 1.000000
0.992767 -0.101931 0.063435 -22.835291 0.109902 0.984256 -0.138424 92.597435 -0.048327 0.144394 0.988339 7.262573 0.000000 0.000000 0.000000 1.000000
0.992696 -0.102601 0.063468 -22.684610 0.110968 0.982948 -0.146624 92.501671 -0.047342 0.152596 0.987154 6.614408 0.000000 0.000000 0.000000 1.000000
0.992709 -0.099804 0.067594 -22.414854 0.109964 0.979517 -0.168686 92.293442 -0.049373 0.174889 0.983349 5.709076 0.000000 0.000000 0.000000 1.000000
0.992852 -0.094144 0.073365 -21.968847 0.107355 0.973017 -0.204236 91.931610 -0.052158 0.210652 0.976169 4.601746 0.000000 0.000000 0.000000 1.000000
0.993280 -0.087731 0.075482 -21.225542 0.104052 0.962491 -0.250566 91.312576 -0.050668 0.256736 0.965152 3.335502 0.000000 0.000000 0.000000 1.000000
0.994053 -0.084510 0.068681 -20.238979 0.101550 0.947121 -0.304385 90.454735 -0.039326 0.309549 0.950070 1.839356 0.000000 0.000000 0.000000 1.000000
0.995221 -0.084927 0.048192 -19.123285 0.096622 0.927816 -0.360308 89.277290 -0.014114 0.363242 0.931588 -0.018686 0.000000 0.000000 0.000000 1.000000
0.996143 -0.087097 0.010610 -17.933828 0.083824 0.908961 -0.408367 87.762589 0.025923 0.407681 0.912756 -2.274083 0.000000 0.000000 0.000000 1.000000
0.995058 -0.089439 -0.043134 -16.706150 0.061620 0.896825 -0.438072 85.927551 0.077865 0.433249 0.897904 -4.745059 0.000000 0.000000 0.000000 1.000000
0.990268 -0.092239 -0.104213 -15.480569 0.036116 0.893487 -0.447635 83.988197 0.134402 0.439515 0.888123 -7.078980 0.000000 0.000000 0.000000 1.000000
0.982684 -0.096037 -0.158457 -14.331680 0.015616 0.895076 -0.445640 82.184288 0.184629 0.435449 0.881077 -8.965853 0.000000 0.000000 0.000000 1.000000
0.975721 -0.100216 -0.194742 -13.318517 0.003802 0.896786 -0.442448 80.727493 0.218983 0.430966 0.875394 -10.301026 0.000000 0.000000 0.000000 1.000000
0.971965 -0.102585 -0.211565 -12.558645 -0.001715 0.896683 -0.442670 79.693840 0.235118 0.430623 0.871369 -11.170514 0.000000 0.000000 0.000000 1.000000
0.971506 -0.101491 -0.214185 -12.120337 -0.004450 0.895710 -0.444616 79.119743 0.236973 0.432900 0.869736 -11.734502 0.000000 0.000000 0.000000 1.000000
0.973662 -0.096975 -0.206347 -12.037426 -0.005426 0.894926 -0.446183 78.961525 0.227934 0.435550 0.870828 -12.074202 0.000000 0.000000 0.000000 1.000000
0.978377 -0.089483 -0.186473 -12.301025 -0.004099 0.893001 -0.450035 79.182480 0.206791 0.441068 0.873325 -12.156783 0.000000 0.000000 0.000000 1.000000
0.984955 -0.078248 -0.154083 -12.761694 -0.001476 0.887776 -0.460274 79.799934 0.172807 0.453576 0.874303 -11.929811 0.000000 0.000000 0.000000 1.000000
0.991124 -0.061344 -0.117939 -13.200391 -0.002006 0.880168 -0.474657 80.757973 0.132924 0.470681 0.872233 -11.401103 0.000000 0.000000 0.000000 1.000000
0.995039 -0.037916 -0.091979 -13.495459 -0.011365 0.875158 -0.483704 81.929802 0.098836 0.482349 0.870385 -10.618886 0.000000 0.000000 0.000000 1.000000
0.996472 -0.010022 -0.083323 -13.718864 -0.031232 0.877249 -0.479019 83.216148 0.077896 0.479932 0.873841 -9.604998 0.000000 0.000000 0.000000 1.000000
0.995896 0.017595 -0.088778 -14.029198 -0.056777 0.885351 -0.461443 84.569489 0.070481 0.464589 0.882717 -8.397179 0.000000 0.000000 0.000000 1.000000
0.994078 0.039538 -0.101222 -14.479971 -0.080372 0.894424 -0.439940 85.978630 0.073141 0.445470 0.892304 -7.125871 0.000000 0.000000 0.000000 1.000000
0.991741 0.054425 -0.116138 -14.882213 -0.098986 0.900597 -0.423234 87.527763 0.081559 0.431235 0.898546 -5.990078 0.000000 0.000000 0.000000 1.000000
0.989071 0.065737 -0.131978 -15.156119 -0.115328 0.902616 -0.414708 89.165710 0.091863 0.425397 0.900333 -5.124149 0.000000 0.000000 0.000000 1.000000
0.986159 0.076660 -0.147013 -15.521645 -0.131785 0.900478 -0.414453 90.635147 0.100610 0.428091 0.898118 -4.529497 0.000000 0.000000 0.000000 1.000000
0.983679 0.086703 -0.157664 -16.208689 -0.146437 0.894930 -0.421493 91.641449 0.104554 0.437702 0.893020 -4.138992 0.000000 0.000000 0.000000 1.000000
0.982788 0.093257 -0.159472 -17.253277 -0.154462 0.888342 -0.432424 92.020966 0.101339 0.449613 0.887456 -3.891413 0.000000 0.000000 0.000000 1.000000
0.984148 0.094953 -0.149786 -18.570892 -0.152507 0.884199 -0.441513 91.749680 0.090518 0.457358 0.884664 -3.742216 0.000000 0.000000 0.000000 1.000000
0.987253 0.093012 -0.129154 -20.087101 -0.141623 0.883663 -0.446186 90.923737 0.072628 0.458790 0.885572 -3.735448 0.000000 0.000000 0.000000 1.000000
0.990616 0.092170 -0.100923 -21.752399 -0.128166 0.882939 -0.451656 89.700775 0.047479 0.460352 0.886466 -4.049051 0.000000 0.000000 0.000000 1.000000
0.992545 0.099872 -0.069861 -23.548561 -0.120984 0.876753 -0.465475 88.104385 0.014763 0.470457 0.882300 -4.827136 0.000000 0.000000 0.000000 1.000000
0.992023 0.119665 -0.039639 -25.449024 -0.123773 0.865010 -0.486249 86.022560 -0.023899 0.487276 0.872921 -6.013413 0.000000 0.000000 0.000000 1.000000
0.989473 0.144334 -0.010491 -27.353268 -0.129964 0.854392 -0.503114 83.506981 -0.063653 0.499181 0.864156 -7.390578 0.000000 0.000000 0.000000 1.000000
0.986681 0.161702 0.017691 -28.951031 -0.130501 0.851801 -0.507350 81.077934 -0.097109 0.498284 0.861558 -8.766507 0.000000 0.000000 0.000000 1.000000
0.985338 0.165483 0.041530 -30.171368 -0.123000 0.857677 -0.499261 78.928253 -0.118239 0.486833 0.865456 -9.983998 0.000000 0.000000 0.000000 1.000000
0.985604 0.159821 0.055157 -31.031294 -0.113493 0.867220 -0.484818 77.138466 -0.125317 0.471579 0.872874 -10.904506 0.000000 0.000000 0.000000 1.000000
0.986762 0.152275 0.055800 -31.567919 -0.108667 0.876218 -0.469503 75.905647 -0.120386 0.457224 0.881166 -11.517097 0.000000 0.000000 0.000000 1.000000
0.988644 0.142504 0.047707 -31.973324 -0.105376 0.883721 -0.455997 75.585648 -0.107141 0.445791 0.888702 -12.020330 0.000000 0.000000 0.000000 1.000000
0.991557 0.124850 0.035044 -32.237442 -0.096253 0.889705 -0.446274 76.172379 -0.086896 0.439133 0.894210 -12.413148 0.000000 0.000000 0.000000 1.000000
0.995084 0.097384 0.017987 -32.035824 -0.079373 0.892907 -0.443190 77.237122 -0.059220 0.439583 0.896247 -12.396435 0.000000 0.000000 0.000000 1.000000
0.997899 0.064734 -0.002567 -31.342999 -0.059028 0.892186 -0.447794 78.445274 -0.026697 0.447005 0.894133 -11.853688 0.000000 0.000000 0.000000 1.000000
0.999193 0.033688 -0.021893 -30.550222 -0.039966 0.889175 -0.455818 79.775330 0.004111 0.456325 0.889804 -10.899060 0.000000 0.000000 0.000000 1.000000
0.999391 0.008143 -0.033919 -29.930281 -0.022856 0.887421 -0.460394 81.338860 0.026352 0.460889 0.887067 -9.683435 0.000000 0.000000 0.000000 1.000000
0.999321 -0.011354 -0.035044 -29.500992 -0.006008 0.888345 -0.459137 83.076691 0.036345 0.459036 0.887674 -8.284771 0.000000 0.000000 0.000000 1.000000
0.999344 -0.024590 -0.026587 -29.224167 0.009799 0.890358 -0.455155 84.679413 0.034865 0.454596 0.890015 -6.761279 0.000000 0.000000 0.000000 1.000000
0.999371 -0.033030 -0.012937 -29.142233 0.023679 0.892708 -0.450012 86.020546 0.026412 0.449423 0.892929 -5.221490 0.000000 0.000000 0.000000 1.000000
0.999171 -0.040643 0.002407 -29.225008 0.037543 0.896860 -0.440718 87.179359 0.015754 0.440443 0.897643 -3.767434 0.000000 0.000000 0.000000 1.000000
0.998579 -0.049507 0.019747 -29.299988 0.053196 0.902612 -0.427155 88.350838 0.003323 0.427598 0.903963 -2.499319 0.000000 0.000000 0.000000 1.000000
0.997346 -0.058952 0.042729 -29.269112 0.071435 0.905765 -0.417717 89.507454 -0.014077 0.419660 0.907572 -1.441199 0.000000 0.000000 0.000000 1.000000
0.995443 -0.064973 0.069796 -29.053251 0.088504 0.901980 -0.422610 90.497604 -0.035496 0.426861 0.903620 -0.553426 0.000000 0.000000 0.000000 1.000000
0.993689 -0.064530 0.091752 -28.542751 0.098810 0.890724 -0.443675 91.131393 -0.053095 0.449941 0.891478 0.204821 0.000000 0.000000 0.000000 1.000000
0.993400 -0.060123 0.097680 -27.674974 0.099569 0.874786 -0.474167 91.280663 -0.056941 0.480764 0.874999 0.857559 0.000000 0.000000 0.000000 1.000000
0.993797 -0.056570 0.095749 -26.577713 0.097578 0.856587 -0.506692 91.033722 -0.053354 0.512892 0.856793 1.246817 0.000000 0.000000 0.000000 1.000000
0.993784 -0.055037 0.096773 -25.251987 0.098939 0.835137 -0.541070 90.393555 -0.051040 0.547281 0.835391 1.150660 0.000000 0.000000 0.000000 1.000000
0.993291 -0.051242 0.103671 -23.657393 0.101914 0.811547 -0.575330 89.260826 -0.054653 0.582036 0.811324 0.545598 0.000000 0.000000 0.000000 1.000000
0.992332 -0.046473 0.114530 -21.995670 0.106743 0.789379 -0.604555 87.825775 -0.062312 0.612144 0.788287 -0.414551 0.000000 0.000000 0.000000 1.000000
